%Parametros del robot (https://epsonemear.a.bigcontent.io/v1/static/a9866-brochure-lores-en-gb-ls-b_series)
global l1 l2 l3 l4 m1 m2 m3 m4 lc1 lc2 lc3 lc4 Ixx1 Iyy1 Izz1 Ixx2 Iyy2 Izz2 Ixx3 Iyy3 Izz3 Ixx4 Iyy4 Izz4 g
 
%Tamaño de eslabones en [m]
l1=0.1665; l2=0.325; l3=0.275 ;l4=0.4;

lc1=l1/2;
lc2=l2/2;
lc3=l3/3;
lc4=l4/2;

m1=1.32669;
m2=0.83794;
m3=1.15125;
m4= 0.08286;
g=9.81;

Ixx1=0.01262342;
Iyy1=0.0080982239;
Izz1=0.01505974;

Ixx2=0.0011703251;
Iyy2=0.01423884;
Izz2=0.0134005;

Ixx3=0.01497952;
Iyy3=0.01906116;
Izz3=0.03098443;


Ixx4=0.0015122637;
Iyy4=0.00000899103;
Izz4=0.001512201;


